ViDurA LAkSHAn
昨日
3;;32022092647083;;Q01---;;[1]  2;;[2]  4;;[3]  3

BOOMER OK
昨日
5;;52022092648432;;Q01---;;[1]  2,3,6;;[2]  1,5;;[3]  4

yutto
昨日
12;;122022092647576;;Q01---;;[1]  2,3,6;;[2]  1,5;;[3]  4

かっぱ
昨日
2;;22022092647628;;Q01---;;[1]  2,3,6;;[2]  1,5;;[3]  4

きむゆう
昨日
7;;72022092646472;;Q01---;;[1]  2.3.6;;[2]  1.3.5;;[3]  4

こうき
昨日
11;;112022092646377;;Q01---;;[1]  2,3,6;;[2]  1,5;;[3]  4

ぽこべんじゃー
昨日
9;;92022092647562;;Q01---;;[1]  2.3.6;;[2]  1.5;;[3]  4

まやし
昨日
10;;102022092647660;;Q01---;;[1]  2,3,6;;[2]  1,5;;[3]  4

鎌田諄
昨日
6;;62022092646720;;Q01---;;[1]  2,3,6;;[2]  1,5;;[3]  4

高橋正宗
昨日
8;;82022092647054;;Q01---;;[1]  2,3,6;;[2]  1,5;;[3]  4

大木翼
昨日
4;;42022092647803;;Q01---;;[1]  2,3,6;;[2]  1,5;;[3]  4

ΞKATSUΞ
昨日
1;;12022092647745;;Q01---;;[1]  12356;;[2]  なし;;[3]  4

山﨑友就
